    1   'Ag'    0.000000    0.000000
    2   'Bg'   -0.055178    0.000000
    3   'Cg'   12.459000    0.000000
    4   'Dg'    0.000000    0.000000
    5   'Eg'    0.000000    0.000000
    7   'Aprig'    3.046200    0.000000
    8   'Bprig'   -0.127970    0.000000
    9   'Cprig'   25.000000    0.000000
   11   'Auv'    0.000000    0.000000
   12   'Buv'    0.730840    0.000000
   13   'Cuv'    4.823300    0.000000
   14   'Duv'    0.000000    0.000000
   15   'Euv'   13.272000    0.000000
   16   'Fuv'    0.000000    0.000000
   21   'Adv'    0.000000    0.000000
   22   'Bdv'    0.827660    0.000000
   23   'Cdv'    4.121600    0.000000
   24   'Ddv'    0.000000    0.000000
   25   'Edv'    0.000000    0.000000
   26   'Fdv'    0.000000    0.000000
   31   'AUbar'    0.000000    0.000000
   32   'BUbar'    0.000000    0.000000
   33   'CUbar'    8.839700    0.000000
   34   'DUbar'   18.317000    0.000000
   35   'EUbar'    0.000000    0.000000
   41   'ADbar'    0.175410    0.000000
   42   'BDbar'   -0.175020    0.000000
   43   'CDbar'    4.761100    0.000000
   44   'DDbar'    0.000000    0.000000
   45   'EDbar'    0.000000    0.000000
   51   'AU'    0.000000    0.000000
   52   'BU'    0.000000    0.000000
   53   'CU'    0.000000    0.000000
   54   'DU'    0.000000    0.000000
   55   'EU'    0.000000    0.000000
   61   'AD'    0.000000    0.000000
   62   'BD'    0.000000    0.000000
   63   'CD'    0.000000    0.000000
   64   'DD'    0.000000    0.000000
   65   'ED'    0.000000    0.000000
   71   'Asea'    0.000000    0.000000
   72   'Bsea'    0.000000    0.000000
   73   'Csea'    0.000000    0.000000
   74   'Dsea'    0.000000    0.000000
   75   'Esea'    0.000000    0.000000
   81   'Adel'    0.000000    0.000000
   82   'Bdel'    0.000000    0.000000
   83   'Cdel'    0.000000    0.000000
   84   'Ddel'    0.000000    0.000000
   85   'Edel'    0.000000    0.000000
  101   'alphas'    0.118000    0.000000
  102   'fs'    0.400000    0.000000
  103   'fcharm'    0.000000    0.000000
  104   'CI_Rq'    0.000004    0.000003
